potential_clusters_20_0.txt_x_m: 15.000000 1.333333
potential_clusters_20_1.txt_x_m: 15.000000 1.333333
potential_clusters_20_10.txt_x_m: 17.000000 1.176471
potential_clusters_20_11.txt_x_m: 18.000000 1.111111
potential_clusters_20_12.txt_x_m: 18.000000 1.111111
potential_clusters_20_13.txt_x_m: 13.000000 1.538462
potential_clusters_20_14.txt_x_m: 14.000000 1.428571
potential_clusters_20_15.txt_x_m: 17.000000 1.176471
potential_clusters_20_16.txt_x_m: 14.000000 1.428571
potential_clusters_20_17.txt_x_m: 14.000000 1.428571
potential_clusters_20_18.txt_x_m: 14.000000 1.428571
potential_clusters_20_19.txt_x_m: 20.000000 1.000000
potential_clusters_20_2.txt_x_m: 20.000000 1.000000
potential_clusters_20_20.txt_x_m: 15.000000 1.333333
potential_clusters_20_21.txt_x_m: 17.000000 1.176471
potential_clusters_20_22.txt_x_m: 16.000000 1.250000
potential_clusters_20_23.txt_x_m: 20.000000 1.000000
potential_clusters_20_24.txt_x_m: 20.000000 1.000000
potential_clusters_20_25.txt_x_m: 17.000000 1.176471
potential_clusters_20_26.txt_x_m: 18.000000 1.111111
potential_clusters_20_27.txt_x_m: 20.000000 1.000000
potential_clusters_20_28.txt_x_m: 15.000000 1.333333
potential_clusters_20_29.txt_x_m: 16.000000 1.250000
potential_clusters_20_3.txt_x_m: 14.000000 1.428571
potential_clusters_20_30.txt_x_m: 20.000000 1.000000
potential_clusters_20_31.txt_x_m: 17.000000 1.176471
potential_clusters_20_32.txt_x_m: 17.000000 1.176471
potential_clusters_20_33.txt_x_m: 20.000000 1.000000
potential_clusters_20_34.txt_x_m: 15.000000 1.333333
potential_clusters_20_35.txt_x_m: 14.000000 1.428571
potential_clusters_20_36.txt_x_m: 16.000000 1.250000
potential_clusters_20_37.txt_x_m: 20.000000 1.000000
potential_clusters_20_38.txt_x_m: 16.000000 1.250000
potential_clusters_20_39.txt_x_m: 16.000000 1.250000
potential_clusters_20_4.txt_x_m: 20.000000 1.000000
potential_clusters_20_40.txt_x_m: 16.000000 1.250000
potential_clusters_20_41.txt_x_m: 17.000000 1.176471
potential_clusters_20_42.txt_x_m: 20.000000 1.000000
potential_clusters_20_43.txt_x_m: 16.000000 1.250000
potential_clusters_20_44.txt_x_m: 20.000000 1.000000
potential_clusters_20_45.txt_x_m: 20.000000 1.000000
potential_clusters_20_46.txt_x_m: 14.000000 1.428571
potential_clusters_20_47.txt_x_m: 20.000000 1.000000
potential_clusters_20_48.txt_x_m: 20.000000 1.000000
potential_clusters_20_49.txt_x_m: 17.000000 1.176471
potential_clusters_20_5.txt_x_m: 20.000000 1.000000
potential_clusters_20_6.txt_x_m: 20.000000 1.000000
potential_clusters_20_7.txt_x_m: 15.000000 1.333333
potential_clusters_20_8.txt_x_m: 20.000000 1.000000
potential_clusters_20_9.txt_x_m: 14.000000 1.428571
