potential_clusters_20_0.txt: 31.000000 1.533333
potential_clusters_20_1.txt: 31.000000 1.533333
potential_clusters_20_10.txt: 45.000000 2.157895
potential_clusters_20_11.txt: 33.000000 1.761905
potential_clusters_20_12.txt: 50.000000 2.380952
potential_clusters_20_13.txt: 34.000000 1.769231
potential_clusters_20_14.txt: 25.000000 1.200000
potential_clusters_20_15.txt: 28.000000 1.333333
potential_clusters_20_16.txt: 34.000000 1.333333
potential_clusters_20_17.txt: 27.000000 1.400000
potential_clusters_20_18.txt: 34.000000 1.333333
potential_clusters_20_19.txt: 34.000000 1.851852
potential_clusters_20_2.txt: 44.000000 2.222222
potential_clusters_20_20.txt: 27.000000 1.411765
potential_clusters_20_21.txt: 55.000000 2.523810
potential_clusters_20_22.txt: 39.000000 1.894737
potential_clusters_20_23.txt: 28.000000 1.592593
potential_clusters_20_24.txt: 48.000000 2.333333
potential_clusters_20_25.txt: 44.000000 1.952381
potential_clusters_20_26.txt: 30.000000 1.565217
potential_clusters_20_27.txt: 31.000000 1.592593
potential_clusters_20_28.txt: 43.000000 2.235294
potential_clusters_20_29.txt: 29.000000 1.631579
potential_clusters_20_3.txt: 36.000000 1.733333
potential_clusters_20_30.txt: 51.000000 2.333333
potential_clusters_20_31.txt: 22.000000 1.095238
potential_clusters_20_32.txt: 36.000000 1.857143
potential_clusters_20_33.txt: 28.000000 1.444444
potential_clusters_20_34.txt: 20.000000 0.941176
potential_clusters_20_35.txt: 26.000000 1.200000
potential_clusters_20_36.txt: 29.000000 1.473684
potential_clusters_20_37.txt: 37.000000 1.703704
potential_clusters_20_38.txt: 15.000000 0.789474
potential_clusters_20_39.txt: 28.000000 1.421053
potential_clusters_20_4.txt: 45.000000 2.000000
potential_clusters_20_40.txt: 37.000000 1.789474
potential_clusters_20_41.txt: 44.000000 2.000000
potential_clusters_20_42.txt: 50.000000 2.370370
potential_clusters_20_43.txt: 33.000000 1.473684
potential_clusters_20_44.txt: 46.000000 2.185185
potential_clusters_20_45.txt: 46.000000 2.185185
potential_clusters_20_46.txt: 33.000000 1.400000
potential_clusters_20_47.txt: 42.000000 2.074074
potential_clusters_20_48.txt: 70.000000 3.111111
potential_clusters_20_49.txt: 40.000000 1.904762
potential_clusters_20_5.txt: 52.000000 2.370370
potential_clusters_20_6.txt: 40.000000 1.925926
potential_clusters_20_7.txt: 39.000000 1.823529
potential_clusters_20_8.txt: 56.000000 2.592593
potential_clusters_20_9.txt: 40.000000 1.933333
