potential_clusters_20_0.txt: 1.550000 10
potential_clusters_20_1.txt: 1.550000 10
potential_clusters_20_2.txt: 2.200000 20
potential_clusters_20_3.txt: 1.800000 8
potential_clusters_20_4.txt: 2.250000 20
potential_clusters_20_5.txt: 2.600000 20
potential_clusters_20_6.txt: 2.000000 20
potential_clusters_20_7.txt: 1.950000 10
potential_clusters_20_8.txt: 2.800000 20
potential_clusters_20_9.txt: 2.000000 8
